Data_raw = [...
0.110321,0.139894,0.358821,0.238622,0.152342;
0.096993,0.152903,0.370078,0.215646,0.164379;
0.088308,0.143905,0.389008,0.218735,0.160044;
0.112024,0.130811,0.369233,0.237943,0.149990;
0.112421,0.153301,0.357757,0.242189,0.134332;
0.083999,0.149588,0.382425,0.229258,0.154730;
];

Data_pID = [...
0.108009,0.140632,0.366422,0.235489,0.149449;
0.092818,0.150217,0.371553,0.220916,0.164497;
0.082732,0.147534,0.395060,0.214047,0.160628;
0.111405,0.133199,0.372998,0.233603,0.148795;
0.110228,0.153812,0.362573,0.237118,0.136268;
0.082643,0.154455,0.389915,0.222991,0.149995;
];

Data_HC = [...
0.101646,0.141234,0.361649,0.244808,0.150662;
0.080572,0.147934,0.378437,0.233181,0.159876;
0.077841,0.143651,0.398367,0.222569,0.157572;
0.100804,0.125716,0.378810,0.247833,0.146836;
0.101492,0.149038,0.365265,0.255907,0.128297;
0.068677,0.145810,0.390288,0.241169,0.154056;
];