Data_raw = [...
0.110321,0.139894,0.358821,0.238622,0.152342;
0.096993,0.152903,0.370078,0.215646,0.164379;
0.088308,0.143905,0.389008,0.218735,0.160044;
0.112024,0.130811,0.369233,0.237943,0.149990;
0.112421,0.153301,0.357757,0.242189,0.134332;
0.083999,0.149588,0.382425,0.229258,0.154730;
];

Data_pID = [...
0.108060,0.140449,0.366434,0.235701,0.149356;
0.092746,0.150414,0.371124,0.221271,0.164445;
0.082911,0.147704,0.394945,0.213838,0.160602;
0.111421,0.133398,0.373125,0.233238,0.148817;
0.110214,0.153880,0.362591,0.237011,0.136303;
0.082688,0.154526,0.389735,0.222901,0.150150;
];

Data_HC = [...
0.101646,0.141234,0.361649,0.244808,0.150662;
0.080572,0.147934,0.378437,0.233181,0.159876;
0.077841,0.143651,0.398367,0.222569,0.157572;
0.100804,0.125716,0.378810,0.247833,0.146836;
0.101492,0.149038,0.365265,0.255907,0.128297;
0.068677,0.145810,0.390288,0.241169,0.154056;
];